0,469
106,10
106,9
106,8
106,7
106,6
106,5
0,462
0,386
107,5
107,4
107,3
107,2
107,1
107,0
106,4
106,3
106,2
106,1
106,0
105,4
104,4
101,4
105,3
105,2
105,1
105,0
104,3
104,2
104,1
104,0
103,3
103,2
103,1
103,0
102,3
102,2
102,1
102,0
101,3
101,2
101,1
101,0
3,1
3,3
10,66
10,220
10,154
10,76
10,230
10,272
10,298
10,20
10,2
10,3
11,16
11,8
11,5
11,17
11,22
11,9
11,2
11,3
9,7
9,4
9,1
9,6
9,2
99,5
99,4
99,3
99,2
99,1
99,0
98,10
98,9
98,8
9,3
8,9
8,15
8,14
98,7
98,6
98,5
98,4
98,3
98,2
98,1
98,0
96,4
96,3
96,2
96,1
96,0
94,3
94,2
94,1
94,0
93,4
93,3
93,2
93,1
93,0
12,3
